0.7724871 0.6840253 0.6787038 0.9012359 0.717888
1.127221 1.113058 0.8048732 0.6136533 1.011465
0.8872316 0.8541633 0.9377984 0.9473615 0.7166116
0.9695864 0.8480458 1.005102 1.156461 0.9136677
0.861241 1.031486 0.9661124 0.9047374 0.9173055
0.7182586 0.7508948 0.8856532 1.071146 0.8551322
0.9656115 0.6091682 1.158799 1.136608 0.489898
0.7672732 1.169911 0.946753 1.093739 1.042739
0.9938133 0.9515861 0.7925068 1.170919 0.9881414
1.145364 0.7116095 1.132641 0.855052 0.8004873
0.8472094 1.110173 0.5591249 0.9734145 0.7941048
0.5540711 0.9778805 1.030887 0.9982973 1.051177
0.8193315 0.9684141 1.11641 1.188035 1.123884
1.241755 0.9417709 1.169671 0.6859113 1.169391
0.5424542 0.6808593 0.4846994 0.4394022 0.8164852
1.180951 1.179274 0.6687982 0.5563695 0.6754216
1.086016 0.886084 0.8776615 0.6511587 0.8649617
1.073937 0.7242443 0.9100178 1.101984 1.467486
1.038845 1.276475 0.5217786 0.5396002 1.239682
0.7790292 0.985559 0.557155 0.8799094 0.5680461
0.844403 1.148478 1.182941 1.372035 1.013525
0.8045828 1.030926 0.8940288 0.8713471 1.105192
0.6263024 0.8146761 1.182663 0.9492856 0.718644
1.07584 1.22905 0.7619918 0.7237848 0.8827741
0.93511 0.8329896 0.7719731 1.031545 0.8359258
0.6745076 0.8550159 0.6553585 0.6059934 0.8317245
0.7974716 0.9880203 0.8710064 1.152592 1.083026
1.047311 1.21003 0.9350792 0.8359947 1.327962
0.7892736 0.8245613 0.9615366 0.5803145 1.218467
1.107959 0.8184192 1.205506 0.7149778 0.8438258
0.9187239 0.6592475 0.8480688 1.124923 1.11234
1.17562 0.3558151 1.040167 0.6733057 0.7805651
1.079076 0.6971081 0.7399419 1.326907 0.7247478
0.8622805 0.9109697 1.168299 1.113058 0.9709393
0.908842 0.9946573 0.7840495 0.7830692 1.075931
0.932461 0.6859821 0.758694 0.939097 1.009585
1.383755 0.7263244 0.9368334 0.8891723 0.6232871
0.753046 0.8955731 0.8145168 0.5545481 0.7093602
0.9338941 0.7756129 0.7864534 0.9601324 0.8595093
0.8770042 0.6342983 1.124886 1.046979 1.014093
0.814949 1.08877 0.6159909 0.5804006 1.023959
1.217835 0.6081473 0.7394697 0.9018935 1.143671
0.7427937 0.738808 1.194378 0.8832742 1.190686
0.8730597 0.8631197 0.7880287 0.6366835 0.8010332
0.965712 0.9864239 0.9625618 0.8070792 0.6783565
1.017156 1.230881 1.028476 0.8535553 0.9997093
0.6511369 1.123568 1.10352 0.5102662 0.5915677
1.127597 1.022126 0.9323821 0.8789836 0.7627941
0.9054673 0.8196533 1.189779 1.026545 0.7693445
1.115698 1.236735 1.054296 1.296967 1.324781
0.9677273 0.5609787 0.6118188 1.007092 0.8053377
1.018393 0.8963342 1.114087 0.4844132 1.025409
0.9137993 0.8637534 0.9735954 0.9729145 0.7712105
1.320358 1.062994 1.014787 1.246938 0.8749436
0.731068 0.4512088 0.8998851 0.5098989 0.7901884
0.8234024 0.9582597 1.20168 1.313778 0.9508048
1.031995 0.748005 0.8538649 0.9157128 1.09332
0.8698928 0.9695846 0.9034483 0.7360035 1.085938
1.202655 0.9120305 1.10958 1.336389 0.9940252
0.9591371 0.8309418 0.9646471 0.8506334 0.7830828
0.9867541 0.7845398 0.985609 0.7703217 0.5305244
0.7589805 1.063968 0.6040204 0.5182414 0.848022
1.213659 0.9924392 1.029046 0.8057935 0.700966
1.001913 0.8087956 0.9609886 0.7693204 0.6730145
0.8514592 1.151386 0.7445355 1.037879 0.871075
1.419294 0.722607 1.13871 0.9769604 0.6343097
1.084115 1.183958 1.367726 0.9798057 1.206136
1.035354 0.8927548 1.025444 1.179046 1.140167
0.8084153 0.8011024 1.156873 1.132151 0.9041799
0.879505 1.156944 0.6126258 0.6774055 1.089896
1.318709 1.071091 1.169615 0.7148553 1.036285
0.6587647 1.212231 0.8866144 0.8825503 0.7694142
1.234426 0.8450688 0.774649 0.6639655 1.017467
1.181254 0.9836235 0.7215061 0.7375881 0.7881141
1.294082 1.03997 1.233248 0.8656079 0.860183
1.268625 0.9314137 0.9191707 0.8356113 1.026296
1.127943 1.084701 0.5285773 0.6931374 0.7830482
0.9470055 0.8255096 1.120202 1.163253 1.015577
0.6631414 0.7236006 0.7943716 0.9518116 1.061931
0.8867309 1.15381 0.7963172 0.821291 0.6323996
0.8880162 0.7903102 0.9787 0.808452 1.211967
0.9103428 0.8859025 0.6923536 1.020291 0.9107448
0.7921917 0.6229987 1.525611 1.302981 0.9568653
1.158111 0.9078472 1.164429 0.5852287 1.09957
0.9995517 0.8641754 0.907001 0.86192 0.8489898
0.7065739 1.043669 1.078837 1.114525 0.7717179
0.9811983 0.60745 1.211145 0.9945602 1.323747
0.7031976 1.201103 0.7887923 0.7253046 1.140315
0.446543 0.9058595 0.7795146 0.6643667 1.022777
0.7253111 0.6148353 0.5211424 0.6682353 1.039558
1.154178 0.8712213 0.8618891 1.247862 1.067187
0.9536499 1.13921 1.033923 1.174985 0.2804093
0.4555223 0.663862 1.162218 1.109265 1.01952
0.6537693 0.7459902 1.030672 0.7942146 1.010297
0.5602397 1.239315 0.912778 0.8894569 1.065247
0.9527608 0.9530158 0.4916895 0.8006856 1.148392
1.126707 0.669362 1.048539 1.469489 0.7395645
0.6296758 1.10691 1.015838 1.163149 1.257445
0.765667 1.031391 1.154136 1.050494 0.6820198
1.079809 0.9689368 1.125829 0.8883535 1.118622
1.018965 1.429185 0.8602948 1.118908 1.029812
0.8822267 0.679803 0.8063673 1.280134 0.4809253
0.9584766 0.8322587 0.7807039 1.111867 0.7399502
0.8712634 0.9672935 1.008678 0.9360279 1.160006
0.9777724 0.7161271 0.8687735 0.7656984 0.6699519
0.7421873 0.8516491 0.6767184 0.9038561 0.7614021
0.8791648 1.057284 1.266463 0.8457115 1.147117
0.8298148 0.7326272 1.289684 0.7993057 1.181422
0.6512407 1.420457 0.7113234 0.9480215 0.8689704
1.092481 1.237155 0.9333196 0.9366523 0.6447116
1.180014 0.7781767 1.086943 0.8740582 0.8879456
1.062491 0.4416532 0.780034 1.167626 0.9273933
1.065033 0.9611038 1.014114 0.9190381 0.8633201
1.041584 0.8458338 0.8274897 0.6893909 0.9025397
0.8029173 0.7343887 0.7947965 0.8534562 1.235187
1.105688 1.172837 1.052251 0.9890866 0.8904821
0.6813942 1.012133 0.8536688 0.4365956 1.021857
1.118255 0.5507341 0.9130558 0.7047666 0.7347142
0.6999643 0.8797902 1.155564 0.9759385 0.8348101
1.103356 0.6838851 0.6708022 0.9904706 0.9661873
1.134974 0.6416664 1.086087 0.555192 0.8682546
1.145099 0.9265365 1.136118 0.9417686 0.5408411
0.7584108 1.054018 0.5535576 0.6923468 1.324374
1.165479 1.07629 0.8248098 1.150277 0.9208953
0.8254704 0.6346595 1.219376 0.7281846 1.017626
1.055756 0.6297431 1.102727 0.808357 1.042074
1.125603 0.9479272 1.064539 0.7688676 0.9759604
0.312101 1.18514 0.3841699 1.390714 1.068304
0.9926999 0.8609084 0.9972316 0.7457772 0.7490111
0.9779641 1.073798 1.027663 0.3837254 0.7670422
0.727978 0.8572724 1.018607 0.7233418 0.7717225
1.093312 1.00731 1.206472 1.143655 0.9013886
1.200058 1.220262 0.856314 1.2582 0.9343292
0.4539318 0.6067896 1.010617 1.093572 1.022806
1.232326 1.273094 0.3989119 0.8402413 0.787433
1.042623 0.8903421 1.194783 0.6161579 0.6587032
0.7539526 0.7647914 1.130359 0.9438627 0.6242591
0.5776883 0.9993069 0.9113209 0.9298593 0.9704169
0.9501943 0.4360538 1.180937 0.777375 0.9406001
1.147115 1.168396 0.6737782 1.395994 1.215071
0.6441139 0.8589942 0.4776105 1.097254 1.054371
1.119846 1.025592 1.264934 0.7914883 0.7444473
0.7102644 1.035409 0.6515768 0.8159392 1.035246
1.301198 0.9764984 1.086581 0.885812 0.9798201
0.7096261 0.5578819 1.080874 0.9725338 1.157201
1.196795 1.059035 0.9893751 0.8991653 0.5266859
1.092086 1.00551 0.6916374 0.6162775 0.7258042
0.5739479 1.281062 0.5517492 0.9082439 0.7165308
0.8441345 0.9247319 0.8178483 1.233337 1.130114
0.4809855 1.241916 1.107077 0.8711159 0.6528128
1.02994 0.6157981 1.12887 1.054163 0.8571219
0.7650204 1.143419 0.9452894 1.170212 1.078909
0.8036902 0.7311356 0.8326804 0.6961646 1.205275
1.174368 1.025131 0.9217629 0.8851673 1.169725
0.7007709 1.209254 0.6613975 1.003217 1.021818
0.6896081 0.7145494 0.9826078 0.7389787 1.029076
0.8468421 0.7904536 1.029943 1.074461 1.086173
1.008995 0.7274276 1.309918 1.008352 0.9812274
0.7017984 0.9246279 0.8974827 0.8946036 0.6873424
1.372854 1.217108 0.5314083 1.126896 0.8174686
0.9017131 0.753054 1.13213 1.132379 1.051314
1.104607 1.031919 0.6181755 0.4803089 0.5876761
1.157847 0.4230525 1.200893 1.061977 1.095331
0.6948214 0.6815099 0.9863436 0.9112992 0.9313161
1.090887 0.7444472 1.311057 0.8734311 1.147218
1.069127 1.18999 0.9273329 1.122974 1.174341
0.9500642 0.5910815 0.9642664 1.111539 0.7036981
0.7966723 0.6417371 0.8210713 1.020094 0.9666723
0.9725209 0.4315929 0.8241563 0.7372119 0.3763327
1.236298 1.083526 1.149556 1.121034 1.139587
0.6717604 0.5317442 0.7748879 1.066485 1.234166
0.8131987 1.065365 1.134047 0.964303 0.8349589
0.7630199 1.029635 1.080128 1.108346 1.24501
0.7316867 0.7607098 0.7979533 0.5971473 1.145472
0.7579078 0.6090446 1.279327 1.209001 1.029382
1.309006 1.174816 1.093212 0.5420961 0.9656662
0.7403297 0.9357931 1.247223 1.148603 0.7945491
0.9729072 0.6749684 0.7790528 0.5006497 1.077565
1.107284 1.27108 0.6339419 0.9307601 0.8511597
0.8972817 1.106195 0.8521795 0.819814 1.008609
1.183394 0.4592114 0.9841916 0.5184916 1.042208
1.367579 1.0589 0.789588 0.8388875 1.007835
0.7060781 1.231262 0.8440365 0.6274266 1.1324
1.085604 1.037252 1.069505 0.9725304 0.9625344
0.9393728 0.7557036 0.7945061 1.188933 0.6874731
1.029017 0.8591432 1.014891 0.6244878 0.969499
1.039314 1.187098 0.8497732 0.9892409 0.9147731
1.224965 1.22928 0.9021377 0.8804729 1.00317
1.049881 1.240543 1.100904 0.9332922 0.9432516
0.9382331 0.5221174 0.7146324 1.179245 1.1068
0.9885941 0.8713534 0.890133 0.7766706 0.9612114
1.05634 0.9536231 1.34718 1.203425 1.230729
0.9709423 1.31283 0.9648598 0.6644146 0.8700269
1.157225 1.256363 1.070985 0.8058273 0.833425
0.6119773 0.8702373 0.7066309 0.7447577 0.6780255
1.040303 1.073485 1.240203 0.5665038 0.8120071
0.8216012 0.928826 0.5177419 0.8542819 0.9450393
0.7768398 0.8079621 1.302119 1.082574 0.7147951
0.9554565 1.28731 1.004942 0.8727455 1.156053
1.072495 1.428477 1.010063 1.302103 0.8821216
