0.772487053053774
0.684025319501916
0.678703818458766
0.901235880322555
0.717888019354145
1.12722087158264
1.11305768490043
0.804873201158008
0.613653252453052
1.01146453844114
0.887231603896476
0.854163343507395
0.937798398025839
0.947361475383036
0.716611630753824
0.969586447139324
0.84804575031768
1.00510225166622
1.15646094612374
0.913667664074801
0.861241006914634
1.03148617273053
0.966112395956953
0.904737422007921
0.917305541073885
0.718258562339567
0.750894826129261
0.885653165732463
1.07114551842104
0.855132232862972
0.965611483193172
0.609168229317349
1.15879891849987
1.13660813751278
0.489897980912734
0.767273161487933
1.16991105421484
0.946752996724359
1.09373937812334
1.04273936228897
0.993813269132431
0.951586087142429
0.792506780540443
1.17091933551443
0.988141407965055
1.1453642276006
0.711609511878491
1.13264058250457
0.855051989764554
0.800487254442683
0.847209382753797
1.11017302028729
0.55912494219505
0.97341453873651
0.79410475595953
0.554071109742852
0.97788051305049
1.0308872097083
0.998297332983029
1.05117731905133
0.819331524476161
0.968414116927816
1.1164099838893
1.18803502170563
1.12388398082688
1.24175537944445
0.941770852575095
1.16967099717025
0.685911282082106
1.16939061359594
0.542454236541855
0.680859250484249
0.484699436655081
0.439402207753872
0.816485223879998
1.18095131425169
1.17927446049869
0.668798225083896
0.556369461455546
0.675421639044204
1.08601566016119
0.886084031073843
0.877661465448559
0.651158724762765
0.864961676992006
1.07393736371446
0.724244265320701
0.910017757751795
1.10198374175699
1.46748628938585
1.03884455151229
1.27647535699436
0.521778582273283
0.539600151663604
1.23968200557902
0.779029171660797
0.985558996173709
0.55715504777739
0.879909360855923
0.568046122914868
0.844403025157266
1.14847753145266
1.18294130512235
1.37203541737132
1.01352494681267
0.804582836406634
1.03092631919933
0.894028806930847
0.871347123505551
1.10519158385067
0.626302383971418
0.814676069638573
1.18266346665326
0.949285586458025
0.718644036085279
1.0758400104728
1.22905044990381
0.761991778337237
0.723784776937186
0.882774065947714
0.935109995260439
0.832989648845888
0.771973076609853
1.0315452600965
0.835925815916017
0.674507646772287
0.855015927606995
0.655358523059969
0.605993417639707
0.831724454730961
0.797471567360584
0.988020275209349
0.871006441780245
1.15259159854449
1.08302607859869
1.04731097093168
1.21002951609576
0.935079233800478
0.835994722265301
1.32796230741639
0.789273564455478
0.824561254594438
0.961536598825724
0.580314529944939
1.21846708070933
1.10795883076746
0.818419172111348
1.20550559828768
0.71497777311901
0.843825832029412
0.918723926930668
0.659247467399282
0.84806883631042
1.12492272624667
1.11234019518923
1.17562042480432
0.355815101623896
1.04016715133898
0.673305664915377
0.780565092697214
1.07907574139642
0.697108060380772
0.739941883896313
1.32690710380756
0.724747764105948
0.86228051570845
0.910969745008977
1.16829880043049
1.11305796943806
0.970939344656849
0.908841951285046
0.994657260233505
0.784049475785931
0.783069190754912
1.07593094407372
0.932460956617077
0.685982147673774
0.75869396864904
0.939096974657672
1.0095848957727
1.38375521437825
0.726324397567085
0.936833366405726
0.889172308003869
0.623287052583666
0.753045967232641
0.895573091990915
0.814516793470124
0.554548091849341
0.709360153847008
0.933894125481163
0.775612934494339
0.786453373333352
0.960132369390059
0.859509320837319
0.877004150239329
0.634298280557987
1.12488596153929
1.04697889512569
1.01409303983249
0.814948975580962
1.08877015857177
0.615990947294138
0.580400644231632
1.02395870837924
1.21783452626454
0.608147289185466
0.73946966067842
0.901893520864698
1.14367107358436
0.742793712587238
0.738807972933627
1.19437819439701
0.883274160785746
1.19068632731266
0.873059740407767
0.863119716778553
0.788028723642229
0.636683469348063
0.801033159821087
0.965711997219369
0.986423948089209
0.962561832239958
0.807079203014504
0.67835647584189
1.01715630579573
1.23088086849798
1.02847601796085
0.85355529567019
0.999709315769221
0.651136925648046
1.12356835939464
1.10351957116653
0.510266188292176
0.591567697633402
1.12759702205304
1.02212626852045
0.93238207114509
0.878983649841672
0.762794145520674
0.905467302966511
0.819653337390599
1.18977931020483
1.02654460238036
0.769344526547055
1.11569754149606
1.23673472104737
1.05429593707834
1.29696655414987
1.32478129345688
0.96772731095325
0.560978685303851
0.611818784820011
1.00709202070508
0.805337740403757
1.01839298718606
0.896334184012062
1.11408726701763
0.484413204296302
1.02540911800205
0.913799270989673
0.863753367464219
0.973595384480802
0.972914549077428
0.77121049915199
1.32035838646123
1.06299392039885
1.01478665258705
1.24693837218651
0.874943601378347
0.731068047310421
0.451208811436209
0.899885079885982
0.509898897959835
0.79018841536771
0.823402386963259
0.958259719054916
1.20168003833799
1.31377773214948
0.950804750214735
1.03199522962001
0.748005040210154
0.85386485651659
0.915712775425632
1.09331968777809
0.869892821561019
0.969584648883598
0.903448271459849
0.736003460379906
1.08593826384739
1.20265543470087
0.912030470242366
1.10957986096571
1.33638941891979
0.994025178762492
0.959137129924868
0.830941830879385
0.964647078039361
0.850633370038736
0.783082791160831
0.986754107519983
0.784539845294535
0.985608993879658
0.7703216854022
0.530524412034846
0.758980516758877
1.06396765942245
0.604020357022015
0.518241438586324
0.84802196138294
1.21365900669408
0.992439156124436
1.02904561638227
0.805793513144603
0.700965972611736
1.00191307795291
0.808795649869793
0.960988575820706
0.769320370439549
0.673014544258112
0.851459231861827
1.15138593904409
0.744535536142436
1.03787934664125
0.871075030178142
1.41929385216982
0.72260704841503
1.13871029637494
0.976960391580116
0.634309653860372
1.08411540951249
1.18395761302435
1.36772566714299
0.97980569164473
1.20613560118883
1.03535408849697
0.892754752087267
1.02544392767058
1.17904633842926
1.14016672069834
0.808415269720284
0.801102358811817
1.15687304097244
1.13215076868671
0.904179934245299
0.879504993398999
1.1569437308299
0.612625760845513
0.677405494887604
1.08989587586775
1.3187087116797
1.07109117651349
1.16961460685352
0.714855314974558
1.03628459592395
0.658764701021247
1.21223137898179
0.88661437506344
0.882550307335251
0.769414173665101
1.23442559990714
0.845068837581222
0.774649034417159
0.663965516055308
1.01746731482019
1.1812542629874
0.983623522055296
0.721506121052459
0.737588084473773
0.788114053226056
1.29408227777439
1.03997014790853
1.23324750955083
0.865607885051695
0.860182971878821
1.26862456680155
0.931413701615519
0.919170717348557
0.835611284570089
1.02629617735406
1.12794285537904
1.08470115824187
0.528577340201845
0.693137419535941
0.783048186021313
0.947005540586074
0.825509553456965
1.12020161877764
1.1632526429338
1.01557686938343
0.66314139138954
0.723600589442818
0.794371631530762
0.951811626053502
1.06193146563927
0.886730868761289
1.15381005788315
0.796317153904061
0.821291010105839
0.632399647552167
0.888016208967147
0.790310165343114
0.97869996543948
0.808451983237034
1.21196736979536
0.910342753223199
0.885902493652772
0.692353603309542
1.02029103609792
0.910744751368314
0.79219166962103
0.622998701992949
1.52561052927289
1.30298069903884
0.956865304900733
1.15811089693452
0.907847190359235
1.16442928701215
0.585228717588947
1.09956965822886
0.999551722072596
0.864175354230111
0.907000987076144
0.861919951390391
0.848989796579708
0.706573862893803
1.04366896359521
1.07883735004273
1.11452519792171
0.771717918931573
0.981198341157114
0.607450019434015
1.21114539960595
0.994560234609218
1.32374696502772
0.703197553364677
1.20110335575461
0.788792316556428
0.725304590539739
1.14031546238687
0.446542957521705
0.905859492961648
0.779514627179209
0.664366703768899
1.02277712932733
0.725311110884103
0.614835334698753
0.521142360160363
0.668235265036543
1.03955768456303
1.15417778166346
0.871221339569782
0.861889103627743
1.24786201798423
1.06718738823303
0.953649859367064
1.13921045074752
1.0339225794535
1.17498519528091
0.280409251544617
0.455522268367421
0.663862027086805
1.16221768604181
1.10926459177493
1.01951989225986
0.653769272726019
0.745990219503586
1.03067246908542
0.794214563597556
1.01029679397391
0.560239702527669
1.2393154387209
0.912777970303127
0.88945691429459
1.06524660941019
0.952760834909219
0.953015772592499
0.491689473968555
0.800685643337229
1.14839227411316
1.1267068023212
0.669361977563209
1.04853918394052
1.46948948588971
0.73956450752012
0.629675759184503
1.10690955089057
1.01583783942472
1.1631486249249
1.25744487389812
0.765666975020533
1.03139096956848
1.15413631873129
1.05049432204108
0.682019844701025
1.07980860884765
0.968936796102087
1.12582883160261
0.888353536984003
1.1186220466299
1.0189651703362
1.42918503574504
0.860294837094503
1.11890750941627
1.02981207814842
0.882226686151295
0.679803005202034
0.806367306130096
1.28013446025569
0.480925269005571
0.958476575710937
0.832258687085909
0.780703933464966
1.11186666845825
0.739950202727706
0.871263378340012
0.967293545506418
1.00867803093085
0.936027875019065
1.16000579702971
0.977772364669647
0.716127128763416
0.868773526458849
0.765698372166116
0.66995185756864
0.74218732604466
0.851649117525158
0.676718403063588
0.903856076356462
0.761402076733665
0.879164828764245
1.05728427487711
1.26646289776093
0.845711475171069
1.14711655813894
0.829814802197745
0.732627170199411
1.28968448054723
0.799305717843595
1.18142158987626
0.651240654452605
1.42045699499666
0.711323377480324
0.948021495962241
0.868970400723273
1.09248113252439
1.23715479402924
0.933319574390373
0.936652262098442
0.644711625363135
1.18001417267724
0.778176718798485
1.08694252981185
0.874058195844054
0.887945611935163
1.06249109658077
0.441653220869893
0.780033962875894
1.16762580655142
0.927393340425631
1.06503287610974
0.961103752420551
1.01411362290743
0.919038066688379
0.86332008791124
1.04158415578913
0.845833763927911
0.827489704339004
0.689390917945584
0.902539730230356
0.802917333982708
0.734388691007356
0.794796493177341
0.853456168879788
1.23518693238257
1.10568796076127
1.17283660727335
1.05225103273877
0.989086634308034
0.890482130925924
0.681394182934219
1.0121326002588
0.853668789405645
0.436595638376052
1.02185699422773
1.11825532660305
0.550734120826915
0.913055807278171
0.704766626175552
0.734714244648333
0.699964346391364
0.879790242463608
1.15556358608276
0.975938522980992
0.834810112095157
1.10335603950832
0.683885109991958
0.67080223538197
0.990470622319801
0.966187299237071
1.13497424315887
0.641666379539616
1.08608688123543
0.555192043017513
0.868254558757465
1.14509884302653
0.926536490140228
1.13611835616324
0.941768593587663
0.540841133372102
0.758410782851873
1.05401809835162
0.553557557142481
0.69234675979416
1.32437358925566
1.1654792108478
1.0762898542139
0.824809754929961
1.15027670375595
0.920895307768118
0.825470419874659
0.634659452123723
1.21937639487712
0.728184559088194
1.0176262916589
1.05575637720866
0.629743137713318
1.10272727831223
0.808356971249405
1.0420738977966
1.12560297059489
0.947927181821712
1.06453882250247
0.768867574183897
0.975960448388237
0.31210097821579
1.18513961342567
0.384169939839629
1.39071392776591
1.06830408676994
0.992699924293041
0.860908402861276
0.997231572219341
0.745777154853252
0.749011135661227
0.97796407993479
1.07379773366153
1.02766298355807
0.383725444734065
0.767042154384273
0.727977972196912
0.857272353433247
1.01860708016274
0.723341849689593
0.771722547871354
1.09331249860534
1.00730966621846
1.20647161577602
1.14365534400686
0.901388590520225
1.20005838794475
1.22026177713109
0.856314030987372
1.25820036630349
0.934329230321294
0.453931776100922
0.606789577020573
1.01061723554556
1.09357158207967
1.02280615461363
1.23232570595784
1.27309384519805
0.39891187504051
0.84024129572973
0.787433038913199
1.04262252803679
0.890342107774683
1.19478325766669
0.616157884609276
0.658703186745537
0.75395262892687
0.764791357237607
1.13035915348451
0.943862705607828
0.624259113295809
0.577688307638647
0.999306908188438
0.911320859208185
0.929859307872484
0.970416925778495
0.950194327622481
0.436053832200908
1.18093662093218
0.777375021229745
0.940600080364783
1.14711521649611
1.16839633163658
0.673778162748805
1.39599408614334
1.21507118641966
0.644113873472756
0.858994207564697
0.477610542179708
1.09725427141619
1.05437080389597
1.11984557503593
1.02559160636076
1.26493364691562
0.791488287307674
0.744447320675059
0.710264391097761
1.03540938513117
0.651576762479608
0.815939153264892
1.03524623083817
1.30119817630446
0.976498423060346
1.08658089645567
0.885812046078913
0.979820072837881
0.709626111154923
0.557881888976093
1.08087442167346
0.972533758713289
1.15720095914259
1.19679530431618
1.05903520330092
0.9893751079022
0.899165269834139
0.5266859259172
1.09208567276873
1.00551026941383
0.691637362673515
0.616277462552335
0.725804236036859
0.573947898922937
1.28106243718724
0.551749157489146
0.908243904212941
0.716530810631251
0.844134502446707
0.924731867004461
0.817848262832591
1.23333662090927
1.13011448796493
0.480985453900494
1.24191596335474
1.10707696627956
0.871115945434877
0.652812800438922
1.0299402727069
0.615798097140623
1.12887040203271
1.05416316447556
0.857121914555347
0.765020438368349
1.14341944448115
0.945289368250292
1.17021203113613
1.07890911004048
0.803690183431442
0.731135572789636
0.832680363561489
0.696164645766412
1.20527534122752
1.17436777899431
1.02513123984327
0.921762857090641
0.885167250010131
1.16972470082411
0.700770861577537
1.20925354033541
0.661397514158015
1.00321707095131
1.0218182566854
0.689608067394128
0.714549350597078
0.982607818379916
0.738978743022354
1.02907604755213
0.846842074003925
0.790453563877733
1.02994285365062
1.07446087304665
1.08617342266147
1.00899517712174
0.727427648258189
1.30991822340301
1.00835150682836
0.98122738821268
0.701798449790622
0.924627876063148
0.897482700273247
0.894603580919322
0.687342387660662
1.37285396013452
1.21710755586725
0.531408326798548
1.12689610788966
0.817468613667461
0.901713120610131
0.753054041707477
1.13213012882646
1.13237928537941
1.05131449473739
1.10460700900374
1.03191904370003
0.618175540861991
0.480308915743787
0.587676125602971
1.15784740028791
0.423052496535184
1.20089317123985
1.06197719628537
1.09533053729548
0.694821425790677
0.681509896997302
0.986343623915423
0.911299176161007
0.931316099698647
1.09088663353567
0.74444721796234
1.31105670993951
0.873431129309184
1.1472176489347
1.06912692194317
1.18999030338023
0.927332919001059
1.12297356224492
1.17434099156308
0.950064214179328
0.591081460038732
0.964266411297529
1.11153899824468
0.703698064287385
0.796672349781624
0.641737106006501
0.821071282883926
1.02009439798052
0.96667228597221
0.972520876905101
0.431592896373206
0.824156310614151
0.737211866130517
0.376332693900682
1.23629765445239
1.08352621677885
1.14955643730418
1.12103381814965
1.13958686526155
0.671760427429712
0.531744152932578
0.774887923389987
1.06648533705489
1.23416594442305
0.813198712141169
1.06536517714559
1.13404717762394
0.964303007853584
0.8349589017919
0.763019863556428
1.02963536011354
1.08012795398137
1.10834594792141
1.24501018478884
0.731686748653962
0.760709807974788
0.797953329813105
0.597147329966372
1.14547234042405
0.757907810266893
0.609044613222396
1.27932735536522
1.20900111327719
1.02938248677401
1.30900629696913
1.17481562809798
1.09321189535027
0.542096059296272
0.965666228771956
0.740329660052759
0.935793060085178
1.24722281593616
1.14860289648122
0.794549099847901
0.972907190690777
0.674968437907609
0.779052768423189
0.500649707359326
1.07756542451278
1.10728351796988
1.27108033411268
0.633941943114691
0.930760122759089
0.851159742777576
0.897281732456332
1.10619540326264
0.852179482606798
0.819813950447933
1.00860850836607
1.18339374315711
0.459211428356493
0.984191627228117
0.518491594204644
1.04220784809923
1.36757929042026
1.0588997730727
0.789588018571086
0.838887485475976
1.0078349732975
0.706078114985026
1.23126215635613
0.844036492508509
0.627426564435244
1.13240024812268
1.08560416414874
1.03725222073897
1.06950505106368
0.972530431091422
0.962534442033151
0.939372791402522
0.755703612228408
0.794506089412289
1.18893341437686
0.68747310438282
1.02901683727099
0.85914321918047
1.01489100984107
0.624487774998883
0.969498992333486
1.03931373119963
1.18709805575072
0.849773173770392
0.989240881055996
0.914773138746151
1.22496543844844
1.22928015308232
0.902137661598477
0.880472920203916
1.00316953639326
1.0498812186058
1.24054330361518
1.10090360174351
0.933292248116562
0.943251594628376
0.938233106117422
0.522117440422398
0.714632388693236
1.1792446832033
1.10680039934193
0.988594105748245
0.87135338267189
0.89013299917213
0.776670600648701
0.961211374296809
1.05634039929524
0.953623073835066
1.347179699867
1.2034248296785
1.23072933525615
0.97094230227249
1.3128298930641
0.964859829445905
0.664414603131414
0.870026926115197
1.15722508988535
1.25636284334146
1.07098496136221
0.805827296740019
0.833425028381649
0.61197728943661
0.870237330974479
0.706630903044747
0.744757652200736
0.678025453778852
1.04030340822558
1.07348468010547
1.24020317402688
0.566503824812573
0.812007076744603
0.821601183670319
0.928825957895784
0.517741920846707
0.854281911858223
0.94503930711094
0.776839778468669
0.80796209732798
1.30211910474461
1.08257385436697
0.714795097618057
0.95545648926173
1.28730990271086
1.00494217465415
0.872745531634502
1.15605318726673
1.07249513787081
1.42847723102208
1.01006318301112
1.30210313173076
0.882121610882957
